23,3
23,2
23,1
23,0
22,3
22,2
22,1
22,0
21,4
21,3
21,2
21,1
21,0
20,3
20,2
20,1
20,0
19,3
19,2
19,1
19,0
4,2
3,6
3,5
4,1
3,4
3,3
4,3
3,2
4,0
3,1
3,0
2,2
1,2
0,447
0,444
0,443
0,441
0,437
0,408
0,382
0,381
0,379
0,372
0,369
0,339
1,1
0,338
1,3
0,336
1,0
0,324
2,1
0,322
2,3
0,318
2,0
0,243
0,9
0,310
0,305
0,308
0,304
0,303
0,302
0,307
0,12
0,10
0,8
0,0
0,424
0,300
0,354
0,299
0,346
0,298
0,352
0,297
0,440
0,296
0,374
0,295
0,394
0,294
0,332
0,293
0,445
0,292
0,301
0,291
0,393
0,290
0,430
0,289
0,360
0,288
0,345
0,287
0,385
0,286
0,420
0,285
0,357
0,284
0,343
0,283
0,342
0,282
0,335
0,281
0,439
0,280
0,340
0,279
0,383
0,278
0,390
0,277
0,422
0,276
0,389
0,275
0,319
0,274
0,434
0,273
0,334
0,272
0,271
0,358
0,270
0,417
0,269
0,426
0,268
0,395
0,267
0,355
0,266
0,323
0,265
0,428
0,264
0,392
0,263
0,351
0,262
0,330
0,261
0,433
0,260
0,376
0,259
0,349
0,258
0,409
0,257
0,421
0,256
0,375
0,255
0,331
0,254
0,404
0,253
0,419
0,252
0,367
0,251
0,348
0,250
0,402
0,249
0,431
0,248
0,388
0,247
0,325
0,246
0,400
0,245
0,378
0,244
0,425
0,242
0,320
0,241
0,344
0,240
0,377
0,239
0,363
0,238
0,407
0,237
0,436
0,236
0,418
0,235
0,435
0,234
0,233
0,350
0,232
0,416
0,231
0,328
0,230
0,446
0,229
0,432
0,228
0,403
0,227
0,226
0,327
0,225
0,411
0,224
0,337
0,223
0,438
0,222
0,405
0,221
0,371
0,220
0,373
0,219
0,333
0,218
0,316
0,217
0,396
0,216
0,414
0,215
0,329
0,214
0,311
0,213
0,423
0,212
0,406
0,211
0,384
0,210
0,442
0,209
0,387
0,208
0,412
0,207
0,326
0,206
0,399
0,205
0,415
0,204
0,427
0,203
0,321
0,202
0,413
0,201
0,353
0,200
0,370
0,199
0,314
0,198
0,386
0,197
0,380
0,196
0,341
0,195
0,368
0,194
0,398
0,193
0,362
0,192
0,63
0,312
0,62
0,364
0,61
0,397
0,60
0,410
0,59
0,366
0,58
0,401
0,57
0,361
0,56
0,391
0,55
0,365
0,54
0,306
0,53
0,429
0,52
0,317
0,51
0,356
0,50
0,359
0,49
0,315
0,48
0,47
0,309
0,46
0,347
0,45
0,313
0,6
0,5
0,1
0,11
0,4
0,2
0,3
0,7
